name: Dance
color: red
0 0 0 0 0 0 0 0 0 0 0 0
0 0 0 0 61 61 119 119 7 7 173 173
FOR(10)
	87 87 87 87 61 61 119 119 7 7 173 173
	87 87 87 87 81 81 99 99 67 67 113 113
IF(xx)
	~skuska
;;;
name: Walk
color: green
FOR(5)
	82 82 82 82 40 40 119 119 28 28 133 133
	82 60 82 82 40 61 119 119 28 21 133 133
	82 82 82 82 40 61 119 119 28 21 133 133

	60 82 82 82 61 61 119 119 21 21 133 133
	82 82 82 82 61 61 119 119 21 21 133 133

	82 82 60 82 61 61 119 119 21 21 133 133
	82 82 82 82 61 61 104 119 21 21 154 133

	82 82 60 82 61 61 104 104 21 21 154 154
	82 82 82 82 61 61 104 104 21 21 154 154
	82 82 82 82 40 40 119 119 28 28 133 133
;;;
name: podmienka
color: salmon
INT a(0)
IF(a=1)
	23 23 23 23 0 0 0 0 0 0 0 180
ELSE()
	0 0 0 0 15 15 15 15 0 0 0 180
OPER a(+1)
IF(a=1)
	23 23 23 23 0 0 0 0 0 0 0 0
	~Dance(1)
;;;
name: iftest
color: blue
INT a(-1)
FOR(3)
	IF(a>0)
		26 26 26 26 0 0 0 0 0 0 0 0
	ELIF(a=0)
		0 0 0 0 45 45 45 45 0 0 0 0
	ELSE()
		0 0 0 0 0 0 0 0 30 30 30 30
	0 0 0 0 0 0 0 0 0 0 0 0
	OPER a(+1)
;;;
name: walkingBetter
color: red
FOR(5)
	90 90 90 90 63 63 117 117 30 30 150 150
	80 90 90 80 84 63 117 96 40 40 140 140
	90 90 90 90 63 63 117 117 30 30 150 150
	90 80 80 90 63 84 84 117 40 40 140 140
	90 90 90 90 63 63 117 117 30 30 150 150
;;;
name: forLoopUkazka
color: blue
INT a(1)
FOR(3)
	FOR(a)
		0 0 0 0 0 0 0 0 0 0 0 0
		29 29 29 29 0 0 0 0 0 0 0 0
	OPER a(+1)

;;;
name: dancing2
color: red
0 0 0 0 0 0 0 0 0 0 0 0
0 0 0 0 61 61 119 119 1 1 179 179
FOR(5)
	90 90 90 90 61 61 119 119 1 1 179 179
	90 90 90 90 78 78 102 102 52 52 128 128
	FOR(3)
		70 90 70 90 78 78 102 102 52 52 128 128
		70 70 70 70 78 78 102 102 52 52 128 128
		90 70 90 70 78 78 102 102 52 52 128 128
;;;
name: plavanie
color: orange
FOR(10)
	0 0 0 0 129 129 115 115 40 40 0 0
	0 0 0 0 50 50 115 115 78 78 80 80
;;;
